INFO:root:0.0, 0.0, 0.0, 0.0, 0.0, 0.0, 632.0, 632.0, -632.0, -632.0
INFO:root:1.3253646872258503e-18, 3.1092407918878004e-18, 0.19499919587919815, -1.3152873375373882e-17, 1.6116338045848292e-17, -5.015422354908045e-18, 632.0, 632.0, -632.0, -632.0
INFO:root:1.3253646872258503e-18, 3.1092407918878004e-18, 0.19499919587919815, -1.3152873375373882e-17, 1.6116338045848292e-17, -5.015422354908045e-18, 632.0, 632.0, -632.0, -632.0
INFO:root:1.3253646872258503e-18, 3.1092407918878004e-18, 0.19499919587919815, -1.3152873375373882e-17, 1.6116338045848292e-17, -5.015422354908045e-18, 632.0, 632.0, -632.0, -632.0
INFO:root:1.3253646872258503e-18, 3.1092407918878004e-18, 0.19499919587919815, -1.3152873375373882e-17, 1.6116338045848292e-17, -5.015422354908045e-18, 632.0, 632.0, -632.0, -632.0
INFO:root:1.3253646872258503e-18, 3.1092407918878004e-18, 0.19499919587919815, -1.3152873375373882e-17, 1.6116338045848292e-17, -5.015422354908045e-18, 632.0, 632.0, -632.0, -632.0
INFO:root:1.3253646872258503e-18, 3.1092407918878004e-18, 0.19499919587919815, -1.3152873375373882e-17, 1.6116338045848292e-17, -5.015422354908045e-18, 626.0, 626.0, -626.0, -626.0
INFO:root:1.3253646872258503e-18, 3.1092407918878004e-18, 0.19499919587919815, -1.3152873375373882e-17, 1.6116338045848292e-17, -5.015422354908045e-18, 626.0, 626.0, -626.0, -626.0
INFO:root:1.3253646872258503e-18, 3.1092407918878004e-18, 0.19499919587919815, -1.3152873375373882e-17, 1.6116338045848292e-17, -5.015422354908045e-18, 626.0, 626.0, -626.0, -626.0
INFO:root:-5.255692800652554e-18, 6.216808350556747e-19, 0.19651670861239254, -1.6883849893715537e-16, -4.598522401255005e-17, -5.2135064537595675e-18, 626.0, 626.0, -626.0, -626.0
INFO:root:-5.255692800652554e-18, 6.216808350556747e-19, 0.19651670861239254, -1.6883849893715537e-16, -4.598522401255005e-17, -5.2135064537595675e-18, 626.0, 626.0, -626.0, -626.0
INFO:root:-5.255692800652554e-18, 6.216808350556747e-19, 0.19651670861239254, -1.6883849893715537e-16, -4.598522401255005e-17, -5.2135064537595675e-18, 626.0, 626.0, -626.0, -626.0
INFO:root:-5.255692800652554e-18, 6.216808350556747e-19, 0.19651670861239254, -1.6883849893715537e-16, -4.598522401255005e-17, -5.2135064537595675e-18, 620.0, 620.0, -620.0, -620.0
INFO:root:-5.255692800652554e-18, 6.216808350556747e-19, 0.19651670861239254, -1.6883849893715537e-16, -4.598522401255005e-17, -5.2135064537595675e-18, 620.0, 620.0, -620.0, -620.0
INFO:root:-5.255692800652554e-18, 6.216808350556747e-19, 0.19651670861239254, -1.6883849893715537e-16, -4.598522401255005e-17, -5.2135064537595675e-18, 620.0, 620.0, -620.0, -620.0
INFO:root:-5.255692800652554e-18, 6.216808350556747e-19, 0.19651670861239254, -1.6883849893715537e-16, -4.598522401255005e-17, -5.2135064537595675e-18, 620.0, 620.0, -620.0, -620.0
INFO:root:-5.255692800652554e-18, 6.216808350556747e-19, 0.19651670861239254, -1.6883849893715537e-16, -4.598522401255005e-17, -5.2135064537595675e-18, 620.0, 620.0, -620.0, -620.0
INFO:root:-5.1489095741370466e-18, 1.4290087610073674e-18, 0.20183936894269675, -7.114923354548357e-16, -2.8314932314771983e-16, 1.022232004915525e-17, 620.0, 620.0, -620.0, -620.0
INFO:root:-5.1489095741370466e-18, 1.4290087610073674e-18, 0.20183936894269675, -7.114923354548357e-16, -2.8314932314771983e-16, 1.022232004915525e-17, 610.5, 610.5, -610.5, -610.5
INFO:root:-5.1489095741370466e-18, 1.4290087610073674e-18, 0.20183936894269675, -7.114923354548357e-16, -2.8314932314771983e-16, 1.022232004915525e-17, 610.5, 610.5, -610.5, -610.5
INFO:root:-5.1489095741370466e-18, 1.4290087610073674e-18, 0.20183936894269675, -7.114923354548357e-16, -2.8314932314771983e-16, 1.022232004915525e-17, 610.5, 610.5, -610.5, -610.5
INFO:root:-5.1489095741370466e-18, 1.4290087610073674e-18, 0.20183936894269675, -7.114923354548357e-16, -2.8314932314771983e-16, 1.022232004915525e-17, 610.5, 610.5, -610.5, -610.5
INFO:root:-5.1489095741370466e-18, 1.4290087610073674e-18, 0.20183936894269675, -7.114923354548357e-16, -2.8314932314771983e-16, 1.022232004915525e-17, 610.5, 610.5, -610.5, -610.5
INFO:root:-7.079023451301933e-18, 7.346388382572355e-18, 0.21071323211029153, -1.2201859970719047e-15, -4.992107643794213e-16, 5.704174867817657e-18, 610.5, 610.5, -610.5, -610.5
INFO:root:-7.079023451301933e-18, 7.346388382572355e-18, 0.21071323211029153, -1.2201859970719047e-15, -4.992107643794213e-16, 5.704174867817657e-18, 601.5, 601.5, -601.5, -601.5
INFO:root:-7.079023451301933e-18, 7.346388382572355e-18, 0.21071323211029153, -1.2201859970719047e-15, -4.992107643794213e-16, 5.704174867817657e-18, 601.5, 601.5, -601.5, -601.5
INFO:root:-7.079023451301933e-18, 7.346388382572355e-18, 0.21071323211029153, -1.2201859970719047e-15, -4.992107643794213e-16, 5.704174867817657e-18, 601.5, 601.5, -601.5, -601.5
INFO:root:-7.079023451301933e-18, 7.346388382572355e-18, 0.21071323211029153, -1.2201859970719047e-15, -4.992107643794213e-16, 5.704174867817657e-18, 601.5, 601.5, -601.5, -601.5
INFO:root:-7.079023451301933e-18, 7.346388382572355e-18, 0.21071323211029153, -1.2201859970719047e-15, -4.992107643794213e-16, 5.704174867817657e-18, 601.5, 601.5, -601.5, -601.5
INFO:root:-1.2392813959992069e-17, 2.1270377815587655e-17, 0.2228009851345586, -1.6624992944778177e-15, -7.057852601269614e-16, 1.7085531258104998e-17, 601.5, 601.5, -601.5, -601.5
INFO:root:-1.2392813959992069e-17, 2.1270377815587655e-17, 0.2228009851345586, -1.6624992944778177e-15, -7.057852601269614e-16, 1.7085531258104998e-17, 593.0, 593.0, -593.0, -593.0
INFO:root:-1.2392813959992069e-17, 2.1270377815587655e-17, 0.2228009851345586, -1.6624992944778177e-15, -7.057852601269614e-16, 1.7085531258104998e-17, 593.0, 593.0, -593.0, -593.0
INFO:root:-1.2392813959992069e-17, 2.1270377815587655e-17, 0.2228009851345586, -1.6624992944778177e-15, -7.057852601269614e-16, 1.7085531258104998e-17, 593.0, 593.0, -593.0, -593.0
INFO:root:-1.2392813959992069e-17, 2.1270377815587655e-17, 0.2228009851345586, -1.6624992944778177e-15, -7.057852601269614e-16, 1.7085531258104998e-17, 593.0, 593.0, -593.0, -593.0
INFO:root:-1.2392813959992069e-17, 2.1270377815587655e-17, 0.2228009851345586, -1.6624992944778177e-15, -7.057852601269614e-16, 1.7085531258104998e-17, 593.0, 593.0, -593.0, -593.0
INFO:root:-1.2392813959992069e-17, 2.1270377815587655e-17, 0.2228009851345586, -1.6624992944778177e-15, -7.057852601269614e-16, 1.7085531258104998e-17, 593.0, 593.0, -593.0, -593.0
INFO:root:-2.214917210479575e-17, 4.564755809107226e-17, 0.23779574409273485, -2.0310005229667903e-15, -9.54390376308215e-16, 2.4733729012731817e-17, 593.0, 593.0, -593.0, -593.0
INFO:root:-2.214917210479575e-17, 4.564755809107226e-17, 0.23779574409273485, -2.0310005229667903e-15, -9.54390376308215e-16, 2.4733729012731817e-17, 593.0, 593.0, -593.0, -593.0
INFO:root:-2.214917210479575e-17, 4.564755809107226e-17, 0.23779574409273485, -2.0310005229667903e-15, -9.54390376308215e-16, 2.4733729012731817e-17, 593.0, 593.0, -593.0, -593.0
INFO:root:-2.214917210479575e-17, 4.564755809107226e-17, 0.23779574409273485, -2.0310005229667903e-15, -9.54390376308215e-16, 2.4733729012731817e-17, 593.0, 593.0, -593.0, -593.0
INFO:root:-2.214917210479575e-17, 4.564755809107226e-17, 0.23779574409273485, -2.0310005229667903e-15, -9.54390376308215e-16, 2.4733729012731817e-17, 593.0, 593.0, -593.0, -593.0
INFO:root:-2.214917210479575e-17, 4.564755809107226e-17, 0.23779574409273485, -2.0310005229667903e-15, -9.54390376308215e-16, 2.4733729012731817e-17, 593.0, 593.0, -593.0, -593.0
INFO:root:-2.214917210479575e-17, 4.564755809107226e-17, 0.23779574409273485, -2.0310005229667903e-15, -9.54390376308215e-16, 2.4733729012731817e-17, 585.5, 585.5, -585.5, -585.5
INFO:root:-3.789405826795356e-17, 8.238038096152229e-17, 0.25546877823032466, -2.286438286916539e-15, -1.1747678521265938e-15, 1.6221083561100937e-17, 585.5, 585.5, -585.5, -585.5
INFO:root:-3.789405826795356e-17, 8.238038096152229e-17, 0.25546877823032466, -2.286438286916539e-15, -1.1747678521265938e-15, 1.6221083561100937e-17, 585.5, 585.5, -585.5, -585.5
INFO:root:-3.789405826795356e-17, 8.238038096152229e-17, 0.25546877823032466, -2.286438286916539e-15, -1.1747678521265938e-15, 1.6221083561100937e-17, 585.5, 585.5, -585.5, -585.5
INFO:root:-3.789405826795356e-17, 8.238038096152229e-17, 0.25546877823032466, -2.286438286916539e-15, -1.1747678521265938e-15, 1.6221083561100937e-17, 585.5, 585.5, -585.5, -585.5
INFO:root:-3.789405826795356e-17, 8.238038096152229e-17, 0.25546877823032466, -2.286438286916539e-15, -1.1747678521265938e-15, 1.6221083561100937e-17, 585.5, 585.5, -585.5, -585.5
INFO:root:-3.789405826795356e-17, 8.238038096152229e-17, 0.25546877823032466, -2.286438286916539e-15, -1.1747678521265938e-15, 1.6221083561100937e-17, 578.0, 578.0, -578.0, -578.0
INFO:root:-3.789405826795356e-17, 8.238038096152229e-17, 0.25546877823032466, -2.286438286916539e-15, -1.1747678521265938e-15, 1.6221083561100937e-17, 578.0, 578.0, -578.0, -578.0
INFO:root:-6.065677094044282e-17, 1.3286537915260043e-16, 0.2756805125911259, -2.5343747260549458e-15, -1.357893490662653e-15, -1.1218393710962918e-17, 578.0, 578.0, -578.0, -578.0
INFO:root:-6.065677094044282e-17, 1.3286537915260043e-16, 0.2756805125911259, -2.5343747260549458e-15, -1.357893490662653e-15, -1.1218393710962918e-17, 578.0, 578.0, -578.0, -578.0
INFO:root:-6.065677094044282e-17, 1.3286537915260043e-16, 0.2756805125911259, -2.5343747260549458e-15, -1.357893490662653e-15, -1.1218393710962918e-17, 578.0, 578.0, -578.0, -578.0
INFO:root:-6.065677094044282e-17, 1.3286537915260043e-16, 0.2756805125911259, -2.5343747260549458e-15, -1.357893490662653e-15, -1.1218393710962918e-17, 578.0, 578.0, -578.0, -578.0
INFO:root:-6.065677094044282e-17, 1.3286537915260043e-16, 0.2756805125911259, -2.5343747260549458e-15, -1.357893490662653e-15, -1.1218393710962918e-17, 570.5, 570.5, -570.5, -570.5
INFO:root:-6.065677094044282e-17, 1.3286537915260043e-16, 0.2756805125911259, -2.5343747260549458e-15, -1.357893490662653e-15, -1.1218393710962918e-17, 570.5, 570.5, -570.5, -570.5
INFO:root:-6.065677094044282e-17, 1.3286537915260043e-16, 0.2756805125911259, -2.5343747260549458e-15, -1.357893490662653e-15, -1.1218393710962918e-17, 570.5, 570.5, -570.5, -570.5
INFO:root:-6.065677094044282e-17, 1.3286537915260043e-16, 0.2756805125911259, -2.5343747260549458e-15, -1.357893490662653e-15, -1.1218393710962918e-17, 570.5, 570.5, -570.5, -570.5
INFO:root:-9.194117927792441e-17, 1.9912546744021704e-16, 0.29818194231845735, -2.749139738964424e-15, -1.4908777659158311e-15, -4.550533336943983e-17, 570.5, 570.5, -570.5, -570.5
INFO:root:-9.194117927792441e-17, 1.9912546744021704e-16, 0.29818194231845735, -2.749139738964424e-15, -1.4908777659158311e-15, -4.550533336943983e-17, 570.5, 570.5, -570.5, -570.5
INFO:root:-9.194117927792441e-17, 1.9912546744021704e-16, 0.29818194231845735, -2.749139738964424e-15, -1.4908777659158311e-15, -4.550533336943983e-17, 564.0, 564.0, -564.0, -564.0
INFO:root:-9.194117927792441e-17, 1.9912546744021704e-16, 0.29818194231845735, -2.749139738964424e-15, -1.4908777659158311e-15, -4.550533336943983e-17, 564.0, 564.0, -564.0, -564.0
INFO:root:-9.194117927792441e-17, 1.9912546744021704e-16, 0.29818194231845735, -2.749139738964424e-15, -1.4908777659158311e-15, -4.550533336943983e-17, 564.0, 564.0, -564.0, -564.0
INFO:root:-9.194117927792441e-17, 1.9912546744021704e-16, 0.29818194231845735, -2.749139738964424e-15, -1.4908777659158311e-15, -4.550533336943983e-17, 564.0, 564.0, -564.0, -564.0
INFO:root:-9.194117927792441e-17, 1.9912546744021704e-16, 0.29818194231845735, -2.749139738964424e-15, -1.4908777659158311e-15, -4.550533336943983e-17, 564.0, 564.0, -564.0, -564.0
INFO:root:-1.3259513397678766e-16, 2.8201333481541105e-16, 0.322725227539329, -2.942803293860861e-15, -1.6083381121127018e-15, -7.401915304382875e-17, 564.0, 564.0, -564.0, -564.0
INFO:root:-1.3259513397678766e-16, 2.8201333481541105e-16, 0.322725227539329, -2.942803293860861e-15, -1.6083381121127018e-15, -7.401915304382875e-17, 557.5, 557.5, -557.5, -557.5
INFO:root:-1.3259513397678766e-16, 2.8201333481541105e-16, 0.322725227539329, -2.942803293860861e-15, -1.6083381121127018e-15, -7.401915304382875e-17, 557.5, 557.5, -557.5, -557.5
INFO:root:-1.3259513397678766e-16, 2.8201333481541105e-16, 0.322725227539329, -2.942803293860861e-15, -1.6083381121127018e-15, -7.401915304382875e-17, 557.5, 557.5, -557.5, -557.5
INFO:root:-1.3259513397678766e-16, 2.8201333481541105e-16, 0.322725227539329, -2.942803293860861e-15, -1.6083381121127018e-15, -7.401915304382875e-17, 557.5, 557.5, -557.5, -557.5
INFO:root:-1.3259513397678766e-16, 2.8201333481541105e-16, 0.322725227539329, -2.942803293860861e-15, -1.6083381121127018e-15, -7.401915304382875e-17, 557.5, 557.5, -557.5, -557.5
INFO:root:-1.3259513397678766e-16, 2.8201333481541105e-16, 0.322725227539329, -2.942803293860861e-15, -1.6083381121127018e-15, -7.401915304382875e-17, 557.5, 557.5, -557.5, -557.5
INFO:root:-1.8269683375537135e-16, 3.821696301748189e-16, 0.34908856825693413, -3.186918092909343e-15, -1.7278651072474498e-15, -1.1166843151876467e-16, 552.0, 552.0, -552.0, -552.0
INFO:root:-1.8269683375537135e-16, 3.821696301748189e-16, 0.34908856825693413, -3.186918092909343e-15, -1.7278651072474498e-15, -1.1166843151876467e-16, 552.0, 552.0, -552.0, -552.0
INFO:root:-1.8269683375537135e-16, 3.821696301748189e-16, 0.34908856825693413, -3.186918092909343e-15, -1.7278651072474498e-15, -1.1166843151876467e-16, 552.0, 552.0, -552.0, -552.0
INFO:root:-1.8269683375537135e-16, 3.821696301748189e-16, 0.34908856825693413, -3.186918092909343e-15, -1.7278651072474498e-15, -1.1166843151876467e-16, 552.0, 552.0, -552.0, -552.0
INFO:root:-1.8269683375537135e-16, 3.821696301748189e-16, 0.34908856825693413, -3.186918092909343e-15, -1.7278651072474498e-15, -1.1166843151876467e-16, 552.0, 552.0, -552.0, -552.0
INFO:root:-1.8269683375537135e-16, 3.821696301748189e-16, 0.34908856825693413, -3.186918092909343e-15, -1.7278651072474498e-15, -1.1166843151876467e-16, 552.0, 552.0, -552.0, -552.0
INFO:root:-2.4244151105457995e-16, 5.002357807377368e-16, 0.37708154721663534, -3.425230198595503e-15, -1.8437992389261468e-15, -1.5989411972777083e-16, 546.5, 546.5, -546.5, -546.5
INFO:root:-2.4244151105457995e-16, 5.002357807377368e-16, 0.37708154721663534, -3.425230198595503e-15, -1.8437992389261468e-15, -1.5989411972777083e-16, 546.5, 546.5, -546.5, -546.5
INFO:root:-2.4244151105457995e-16, 5.002357807377368e-16, 0.37708154721663534, -3.425230198595503e-15, -1.8437992389261468e-15, -1.5989411972777083e-16, 546.5, 546.5, -546.5, -546.5
INFO:root:-2.4244151105457995e-16, 5.002357807377368e-16, 0.37708154721663534, -3.425230198595503e-15, -1.8437992389261468e-15, -1.5989411972777083e-16, 546.5, 546.5, -546.5, -546.5
INFO:root:-2.4244151105457995e-16, 5.002357807377368e-16, 0.37708154721663534, -3.425230198595503e-15, -1.8437992389261468e-15, -1.5989411972777083e-16, 546.5, 546.5, -546.5, -546.5
INFO:root:-2.4244151105457995e-16, 5.002357807377368e-16, 0.37708154721663534, -3.425230198595503e-15, -1.8437992389261468e-15, -1.5989411972777083e-16, 546.5, 546.5, -546.5, -546.5
INFO:root:-3.122034149976088e-16, 6.367952437331002e-16, 0.40654652582074596, -3.7228469220862885e-15, -2.002455452207632e-15, -2.1688129335096812e-16, 546.5, 546.5, -546.5, -546.5
INFO:root:-3.122034149976088e-16, 6.367952437331002e-16, 0.40654652582074596, -3.7228469220862885e-15, -2.002455452207632e-15, -2.1688129335096812e-16, 546.5, 546.5, -546.5, -546.5
INFO:root:-3.122034149976088e-16, 6.367952437331002e-16, 0.40654652582074596, -3.7228469220862885e-15, -2.002455452207632e-15, -2.1688129335096812e-16, 546.5, 546.5, -546.5, -546.5
INFO:root:-3.122034149976088e-16, 6.367952437331002e-16, 0.40654652582074596, -3.7228469220862885e-15, -2.002455452207632e-15, -2.1688129335096812e-16, 546.5, 546.5, -546.5, -546.5
INFO:root:-3.122034149976088e-16, 6.367952437331002e-16, 0.40654652582074596, -3.7228469220862885e-15, -2.002455452207632e-15, -2.1688129335096812e-16, 546.5, 546.5, -546.5, -546.5
INFO:root:-3.122034149976088e-16, 6.367952437331002e-16, 0.40654652582074596, -3.7228469220862885e-15, -2.002455452207632e-15, -2.1688129335096812e-16, 546.5, 546.5, -546.5, -546.5
INFO:root:-3.926473352578247e-16, 7.930471303274201e-16, 0.43736561206188684, -4.0215623180351875e-15, -2.1307830167290136e-15, -2.638940669729899e-16, 541.5, 541.5, -541.5, -541.5
INFO:root:-3.926473352578247e-16, 7.930471303274201e-16, 0.43736561206188684, -4.0215623180351875e-15, -2.1307830167290136e-15, -2.638940669729899e-16, 541.5, 541.5, -541.5, -541.5
INFO:root:-3.926473352578247e-16, 7.930471303274201e-16, 0.43736561206188684, -4.0215623180351875e-15, -2.1307830167290136e-15, -2.638940669729899e-16, 541.5, 541.5, -541.5, -541.5
INFO:root:-3.926473352578247e-16, 7.930471303274201e-16, 0.43736561206188684, -4.0215623180351875e-15, -2.1307830167290136e-15, -2.638940669729899e-16, 541.5, 541.5, -541.5, -541.5
INFO:root:-3.926473352578247e-16, 7.930471303274201e-16, 0.43736561206188684, -4.0215623180351875e-15, -2.1307830167290136e-15, -2.638940669729899e-16, 541.5, 541.5, -541.5, -541.5
INFO:root:-3.926473352578247e-16, 7.930471303274201e-16, 0.43736561206188684, -4.0215623180351875e-15, -2.1307830167290136e-15, -2.638940669729899e-16, 541.5, 541.5, -541.5, -541.5
INFO:root:-4.840006456485464e-16, 9.701098419882485e-16, 0.469477793167524, -4.299486842456967e-15, -2.310069461214042e-15, -3.1185633851040364e-16, 536.5, 536.5, -536.5, -536.5
INFO:root:-4.840006456485464e-16, 9.701098419882485e-16, 0.469477793167524, -4.299486842456967e-15, -2.310069461214042e-15, -3.1185633851040364e-16, 536.5, 536.5, -536.5, -536.5
INFO:root:-4.840006456485464e-16, 9.701098419882485e-16, 0.469477793167524, -4.299486842456967e-15, -2.310069461214042e-15, -3.1185633851040364e-16, 536.5, 536.5, -536.5, -536.5
INFO:root:-4.840006456485464e-16, 9.701098419882485e-16, 0.469477793167524, -4.299486842456967e-15, -2.310069461214042e-15, -3.1185633851040364e-16, 536.5, 536.5, -536.5, -536.5
INFO:root:-4.840006456485464e-16, 9.701098419882485e-16, 0.469477793167524, -4.299486842456967e-15, -2.310069461214042e-15, -3.1185633851040364e-16, 536.5, 536.5, -536.5, -536.5
INFO:root:-4.840006456485464e-16, 9.701098419882485e-16, 0.469477793167524, -4.299486842456967e-15, -2.310069461214042e-15, -3.1185633851040364e-16, 536.5, 536.5, -536.5, -536.5
INFO:root:-4.840006456485464e-16, 9.701098419882485e-16, 0.469477793167524, -4.299486842456967e-15, -2.310069461214042e-15, -3.1185633851040364e-16, 531.5, 531.5, -531.5, -531.5
INFO:root:-4.840006456485464e-16, 9.701098419882485e-16, 0.469477793167524, -4.299486842456967e-15, -2.310069461214042e-15, -3.1185633851040364e-16, 531.5, 531.5, -531.5, -531.5
INFO:root:-5.871208651432372e-16, 1.1690134978835866e-15, 0.5027517729353168, -4.545133063378155e-15, -2.4916448128892724e-15, -3.6882951205041344e-16, 531.5, 531.5, -531.5, -531.5
INFO:root:-5.871208651432372e-16, 1.1690134978835866e-15, 0.5027517729353168, -4.545133063378155e-15, -2.4916448128892724e-15, -3.6882951205041344e-16, 531.5, 531.5, -531.5, -531.5
INFO:root:-5.871208651432372e-16, 1.1690134978835866e-15, 0.5027517729353168, -4.545133063378155e-15, -2.4916448128892724e-15, -3.6882951205041344e-16, 531.5, 531.5, -531.5, -531.5
INFO:root:-5.871208651432372e-16, 1.1690134978835866e-15, 0.5027517729353168, -4.545133063378155e-15, -2.4916448128892724e-15, -3.6882951205041344e-16, 531.5, 531.5, -531.5, -531.5
INFO:root:-5.871208651432372e-16, 1.1690134978835866e-15, 0.5027517729353168, -4.545133063378155e-15, -2.4916448128892724e-15, -3.6882951205041344e-16, 527.0, 527.0, -527.0, -527.0
INFO:root:-5.871208651432372e-16, 1.1690134978835866e-15, 0.5027517729353168, -4.545133063378155e-15, -2.4916448128892724e-15, -3.6882951205041344e-16, 527.0, 527.0, -527.0, -527.0
INFO:root:-7.025686334800515e-16, 1.3904699133566218e-15, 0.5370536619679416, -4.796959186008296e-15, -2.6821440804594305e-15, -4.1840427288873357e-16, 527.0, 527.0, -527.0, -527.0
INFO:root:-7.025686334800515e-16, 1.3904699133566218e-15, 0.5370536619679416, -4.796959186008296e-15, -2.6821440804594305e-15, -4.1840427288873357e-16, 527.0, 527.0, -527.0, -527.0
INFO:root:-7.025686334800515e-16, 1.3904699133566218e-15, 0.5370536619679416, -4.796959186008296e-15, -2.6821440804594305e-15, -4.1840427288873357e-16, 527.0, 527.0, -527.0, -527.0
INFO:root:-7.025686334800515e-16, 1.3904699133566218e-15, 0.5370536619679416, -4.796959186008296e-15, -2.6821440804594305e-15, -4.1840427288873357e-16, 527.0, 527.0, -527.0, -527.0
INFO:root:-7.025686334800515e-16, 1.3904699133566218e-15, 0.5370536619679416, -4.796959186008296e-15, -2.6821440804594305e-15, -4.1840427288873357e-16, 523.0, 523.0, -523.0, -523.0
INFO:root:-7.025686334800515e-16, 1.3904699133566218e-15, 0.5370536619679416, -4.796959186008296e-15, -2.6821440804594305e-15, -4.1840427288873357e-16, 523.0, 523.0, -523.0, -523.0
INFO:root:-7.025686334800515e-16, 1.3904699133566218e-15, 0.5370536619679416, -4.796959186008296e-15, -2.6821440804594305e-15, -4.1840427288873357e-16, 523.0, 523.0, -523.0, -523.0
INFO:root:-7.025686334800515e-16, 1.3904699133566218e-15, 0.5370536619679416, -4.796959186008296e-15, -2.6821440804594305e-15, -4.1840427288873357e-16, 523.0, 523.0, -523.0, -523.0
INFO:root:-8.308394266272204e-16, 1.6352577261890107e-15, 0.5722615134100005, -4.9851548749795126e-15, -2.838726920302233e-15, -4.504074427246006e-16, 523.0, 523.0, -523.0, -523.0
INFO:root:-8.308394266272204e-16, 1.6352577261890107e-15, 0.5722615134100005, -4.9851548749795126e-15, -2.838726920302233e-15, -4.504074427246006e-16, 523.0, 523.0, -523.0, -523.0
INFO:root:-8.308394266272204e-16, 1.6352577261890107e-15, 0.5722615134100005, -4.9851548749795126e-15, -2.838726920302233e-15, -4.504074427246006e-16, 519.0, 519.0, -519.0, -519.0
INFO:root:-8.308394266272204e-16, 1.6352577261890107e-15, 0.5722615134100005, -4.9851548749795126e-15, -2.838726920302233e-15, -4.504074427246006e-16, 519.0, 519.0, -519.0, -519.0
INFO:root:-8.308394266272204e-16, 1.6352577261890107e-15, 0.5722615134100005, -4.9851548749795126e-15, -2.838726920302233e-15, -4.504074427246006e-16, 519.0, 519.0, -519.0, -519.0
INFO:root:-8.308394266272204e-16, 1.6352577261890107e-15, 0.5722615134100005, -4.9851548749795126e-15, -2.838726920302233e-15, -4.504074427246006e-16, 519.0, 519.0, -519.0, -519.0
INFO:root:-8.308394266272204e-16, 1.6352577261890107e-15, 0.5722615134100005, -4.9851548749795126e-15, -2.838726920302233e-15, -4.504074427246006e-16, 519.0, 519.0, -519.0, -519.0
INFO:root:-2.548371448510327e-13, 9.907943256715294e-10, 0.6082542771569583, 8.558732794655401e-07, 4.935639043253673e-11, 5.648002919206452e-05, 519.0, 519.0, -519.0, -519.0
INFO:root:-2.548371448510327e-13, 9.907943256715294e-10, 0.6082542771569583, 8.558732794655401e-07, 4.935639043253673e-11, 5.648002919206452e-05, 522.0, 508.75, -522.0, -508.75
INFO:root:-2.548371448510327e-13, 9.907943256715294e-10, 0.6082542771569583, 8.558732794655401e-07, 4.935639043253673e-11, 5.648002919206452e-05, 523.0, 507.5, -523.0, -507.5
INFO:root:-2.548371448510327e-13, 9.907943256715294e-10, 0.6082542771569583, 8.558732794655401e-07, 4.935639043253673e-11, 5.648002919206452e-05, 523.5, 507.25, -523.5, -507.25
INFO:root:-2.548371448510327e-13, 9.907943256715294e-10, 0.6082542771569583, 8.558732794655401e-07, 4.935639043253673e-11, 5.648002919206452e-05, 525.0, 505.75, -525.0, -505.75
INFO:root:-2.548371448510327e-13, 9.907943256715294e-10, 0.6082542771569583, 8.558732794655401e-07, 4.935639043253673e-11, 5.648002919206452e-05, 528.5, 501.75, -528.5, -501.75
INFO:root:-2.548371448510327e-13, 9.907943256715294e-10, 0.6082542771569583, 8.558732794655401e-07, 4.935639043253673e-11, 5.648002919206452e-05, 528.5, 501.75, -528.5, -501.75
INFO:root:3.1162753490402375e-07, -6.072092041588046e-10, 0.6449282826734452, 3.090534246357566e-06, -0.0002562162927127179, 5.68896577857146e-05, 514.5, 509.25, -515.0, -509.25
INFO:root:3.1162753490402375e-07, -6.072092041588046e-10, 0.6449282826734452, 3.090534246357566e-06, -0.0002562162927127179, 5.68896577857146e-05, 512.5, 511.25, -513.0, -511.25
INFO:root:3.1162753490402375e-07, -6.072092041588046e-10, 0.6449282826734452, 3.090534246357566e-06, -0.0002562162927127179, 5.68896577857146e-05, 512.0, 511.5, -513.0, -511.5
INFO:root:3.1162753490402375e-07, -6.072092041588046e-10, 0.6449282826734452, 3.090534246357566e-06, -0.0002562162927127179, 5.68896577857146e-05, 512.0, 511.5, -513.0, -511.5
INFO:root:3.1162753490402375e-07, -6.072092041588046e-10, 0.6449282826734452, 3.090534246357566e-06, -0.0002562162927127179, 5.68896577857146e-05, 512.0, 511.5, -513.5, -511.5
INFO:root:3.1162753490402375e-07, -6.072092041588046e-10, 0.6449282826734452, 3.090534246357566e-06, -0.0002562162927127179, 5.68896577857146e-05, 512.0, 511.5, -513.5, -511.5
INFO:root:9.561706778473477e-07, 6.8138721791353e-09, 0.6821903300966213, 2.4137441538217392e-05, -0.0022884501418074126, 0.00014547349504816806, 520.0, 502.25, -523.0, -502.5
INFO:root:9.561706778473477e-07, 6.8138721791353e-09, 0.6821903300966213, 2.4137441538217392e-05, -0.0022884501418074126, 0.00014547349504816806, 521.5, 500.5, -525.0, -500.5
INFO:root:9.561706778473477e-07, 6.8138721791353e-09, 0.6821903300966213, 2.4137441538217392e-05, -0.0022884501418074126, 0.00014547349504816806, 522.0, 500.25, -525.0, -500.25
INFO:root:9.561706778473477e-07, 6.8138721791353e-09, 0.6821903300966213, 2.4137441538217392e-05, -0.0022884501418074126, 0.00014547349504816806, 523.5, 498.0, -527.5, -498.0
INFO:root:9.561706778473477e-07, 6.8138721791353e-09, 0.6821903300966213, 2.4137441538217392e-05, -0.0022884501418074126, 0.00014547349504816806, 528.0, 492.5, -533.5, -492.5
INFO:root:9.561706778473477e-07, 6.8138721791353e-09, 0.6821903300966213, 2.4137441538217392e-05, -0.0022884501418074126, 0.00014547349504816806, 528.0, 492.5, -533.5, -492.5
INFO:root:9.561706778473477e-07, 6.8138721791353e-09, 0.6821903300966213, 2.4137441538217392e-05, -0.0022884501418074126, 0.00014547349504816806, 520.0, 495.5, -524.0, -495.5
INFO:root:9.561706778473477e-07, 6.8138721791353e-09, 0.6821903300966213, 2.4137441538217392e-05, -0.0022884501418074126, 0.00014547349504816806, 519.0, 496.75, -522.5, -496.75
INFO:root:-7.0066501473627815e-06, 1.6864720190219293e-07, 0.7199752844850531, 0.00031077054670802177, -0.005737424466650319, 0.0006991289756294807, 549.0, 461.75, -554.5, -462.0
INFO:root:-7.0066501473627815e-06, 1.6864720190219293e-07, 0.7199752844850531, 0.00031077054670802177, -0.005737424466650319, 0.0006991289756294807, 563.0, 443.75, -570.0, -444.0
INFO:root:-7.0066501473627815e-06, 1.6864720190219293e-07, 0.7199752844850531, 0.00031077054670802177, -0.005737424466650319, 0.0006991289756294807, 584.0, 413.75, -593.5, -414.25
INFO:root:-7.0066501473627815e-06, 1.6864720190219293e-07, 0.7199752844850531, 0.00031077054670802177, -0.005737424466650319, 0.0006991289756294807, 584.0, 413.75, -593.5, -414.25
INFO:root:-7.0066501473627815e-06, 1.6864720190219293e-07, 0.7199752844850531, 0.00031077054670802177, -0.005737424466650319, 0.0006991289756294807, 559.0, 442.25, -565.5, -442.5
INFO:root:-7.0066501473627815e-06, 1.6864720190219293e-07, 0.7199752844850531, 0.00031077054670802177, -0.005737424466650319, 0.0006991289756294807, 554.5, 448.0, -560.5, -448.5
INFO:root:-7.0066501473627815e-06, 1.6864720190219293e-07, 0.7199752844850531, 0.00031077054670802177, -0.005737424466650319, 0.0006991289756294807, 553.5, 449.25, -559.5, -449.5
INFO:root:-7.0066501473627815e-06, 1.6864720190219293e-07, 0.7199752844850531, 0.00031077054670802177, -0.005737424466650319, 0.0006991289756294807, 561.5, 438.25, -568.5, -438.75
INFO:root:-3.220140088276738e-05, -3.3289635406489763e-07, 0.7582366512468025, 0.0013079544619387033, -0.01694251239077396, 0.0017152264626544675, 605.0, 361.0, -629.0, -362.75
INFO:root:-3.220140088276738e-05, -3.3289635406489763e-07, 0.7582366512468025, 0.0013079544619387033, -0.01694251239077396, 0.0017152264626544675, 605.0, 361.0, -629.0, -362.75
INFO:root:-3.220140088276738e-05, -3.3289635406489763e-07, 0.7582366512468025, 0.0013079544619387033, -0.01694251239077396, 0.0017152264626544675, 581.0, 395.0, -602.5, -394.25
INFO:root:-3.220140088276738e-05, -3.3289635406489763e-07, 0.7582366512468025, 0.0013079544619387033, -0.01694251239077396, 0.0017152264626544675, 576.5, 401.5, -597.5, -401.0
INFO:root:-3.220140088276738e-05, -3.3289635406489763e-07, 0.7582366512468025, 0.0013079544619387033, -0.01694251239077396, 0.0017152264626544675, 576.0, 402.75, -596.5, -402.25
INFO:root:-3.220140088276738e-05, -3.3289635406489763e-07, 0.7582366512468025, 0.0013079544619387033, -0.01694251239077396, 0.0017152264626544675, 588.5, 381.5, -612.0, -381.25
INFO:root:-3.220140088276738e-05, -3.3289635406489763e-07, 0.7582366512468025, 0.0013079544619387033, -0.01694251239077396, 0.0017152264626544675, 619.0, 319.75, -651.0, -319.5
INFO:root:-3.220140088276738e-05, -3.3289635406489763e-07, 0.7582366512468025, 0.0013079544619387033, -0.01694251239077396, 0.0017152264626544675, 619.0, 319.75, -651.0, -319.5
INFO:root:-0.00011220460822335131, -4.81385584544941e-06, 0.7968937483738986, 0.0038498518652157867, -0.04654540374809571, 0.004442239760520464, 666.0, 175.0, -706.0, -168.875
INFO:root:-0.00011220460822335131, -4.81385584544941e-06, 0.7968937483738986, 0.0038498518652157867, -0.04654540374809571, 0.004442239760520464, 675.5, 130.25, -716.5, -119.125
INFO:root:-0.00011220460822335131, -4.81385584544941e-06, 0.7968937483738986, 0.0038498518652157867, -0.04654540374809571, 0.004442239760520464, 678.0, 116.1875, -719.0, -106.5625
INFO:root:-0.002518806341575411, -0.00023454963038375102, 0.9145471375993535, 0.04139746742174871, -0.3865733788402854, 0.011586037040796481, 559.0, 82.3125, -809.5, -36.53125
INFO:root:-0.002518806341575411, -0.00023454963038375102, 0.9145471375993535, 0.04139746742174871, -0.3865733788402854, 0.011586037040796481, 341.75, 559.0, -637.0, -375.25
INFO:root:-0.002518806341575411, -0.00023454963038375102, 0.9145471375993535, 0.04139746742174871, -0.3865733788402854, 0.011586037040796481, 501.0, 368.0, -741.5, -199.375
INFO:root:-0.002518806341575411, -0.00023454963038375102, 0.9145471375993535, 0.04139746742174871, -0.3865733788402854, 0.011586037040796481, 515.0, 263.0, -786.0, -154.75
